Mh = 0.019680536431391782
MH = 0.04394318520100349
MX3 = 0.05119055300330799
Mh = 125